pygame 2.2.0 (SDL 2.30.7, Python 3.8.10)
Hello from the pygame community. https://www.pygame.org/contribute.html
script: Keke_PY/tree_vs_linear__time_based__single_levels/experiment/single_level_optimization.py,
algorithm: <pymoo.algorithms.soo.nonconvex.ga.GA object at 0x7a7453946700>,
use_trees: False,
representation: (<Keke_PY.heuristic_pymoo_representations.TrackedRepresentation.TrackedRepresentation object at 0x7a7453914ee0> of <Keke_PY.heuristic_pymoo_representations.WeightedHeuristicSumRepresentation.WeightedHeuristicSumRepresentation object at 0x7a746389fbe0>),
job_arr_index: 1,
level: ________
_......_
_......_
_.Sb.s._
_.1..s._
_.4b..1_
_B12..3_
_......_
________,
pop_size: 10,
n_gen: 2
BASELINE__LEVEL:0:______\n_K.2._\n_kSF._\n_bB1._\n_..fR_\n_1..._\n_3.r._\n_251O_\n_s.31_\n_o..2_\n______
BASELINE__LEVEL:1:________\n_......_\n_......_\n_.Sb.s._\n_.1..s._\n_.4b..1_\n_B12..3_\n_......_\n________
BASELINE__BATCH:-1:0:0
BASELINE__BATCH:-1:1:1
BASELINE__EVAL_INSTANCE:0:0:_
BASELINE__RUN_RESULT:0:0:0:20657:60.20045256614685:----
BASELINE__RUN_RESULT:0:0:1:5913:12.491367101669312:UUULLDRRRRRD
BASELINE__performance: {-1: 53.65409016609192, 0: nan}
BASELINE__level_count:2, solved_level_count:1, total_node_expansions:26570, total_calculation_time:72.69181966781616
BASELINE__solving ration:0.5, avg node expansions:13285.0, avg time per level:36.34590983390808
Start measuring time.
TRAINING ON LEVEL:1
of 2 levels
---LEVEL STRING---
________
_......_
_......_
_.Sb.s._
_.1..s._
_.4b..1_
_B12..3_
_......_
________
---LEVEL STRING---
TRAIN__LEVEL:0:________\n_......_\n_......_\n_.Sb.s._\n_.1..s._\n_.4b..1_\n_B12..3_\n_......_\n________
TRAIN__BATCH:0:0:0
TRAIN__TRACK:0;-1;-1;7.994323536580485;-0.1352403027416642;-4.402522242750386;8.639784773775752;-6.116827637613227;-1.3072298307123287;-1.9567167823035554;-7.46411504297569;3.252029883960578;-5.3238845106506165;-7.346330851866116;-2.770624528448846;0.7636658134934233;-3.8855500177796447;-5.222031368017914;7.889322216792834;2.0622799291378975;0.32014074590354547;6.975600904411635;-2.065754829300042;-9.654705931396563;3.787704711946926
TRAIN__TRACK:1;-1;-1;-8.957669814941305;3.714256198935061;3.6215428662057807;-5.289082156473857;1.9004762623730471;-9.541092303301955;0.7971239219361479;3.1547715592249244;7.541316381586597;1.738215463691894;-5.401224343961804;-8.759141146079582;-7.199644831724519;-7.051466150329587;-2.606834539251645;-6.222280722831481;0.7482327757729497;-8.492641378035355;-8.948731739766938;-3.8632614405370784;-2.0620538866976386;-4.094223600712043
TRAIN__TRACK:2;-1;-1;9.355846391895689;1.699933546958663;-3.004793038768792;-4.726027856942004;5.565726619807814;-0.327643493757801;-1.5214427902543743;-6.323834968641897;8.11609298433418;-6.432462576655727;6.296157115791182;-3.966718222505971;-6.949487789450073;-9.30345980461931;-5.269057600853493;2.4856542461509434;-4.617981908266127;8.406356590866157;8.374151710816527;5.117056267268211;-3.104020408235084;5.658315758301535
TRAIN__TRACK:3;-1;-1;-8.55153376521364;-9.50628740003663;-1.9849624582305392;-0.25608099604370693;9.181491466964872;4.965620205769646;0.2944418633845949;-9.680191582289133;-4.911099931484952;-7.179433698800142;-1.4906971179127098;-3.759340528397834;4.8763111270537;-1.6709350601074497;-5.351501038595492;5.463236391295425;8.137389073681025;-0.7549608770260399;-4.7011222710151435;-7.256305669319185;-5.219436916010915;8.913208795937532
TRAIN__TRACK:4;-1;-1;2.065913539757023;-8.549841645776187;-2.611739228663774;-8.4876075380508;-0.32960965675211185;-2.8497182659883302;-0.652839468050324;-2.9977127048805414;-8.275983459546376;0.7768723441592407;-1.9272716173670013;0.03305147310272005;-6.176118326670603;9.855347192117602;-7.538209873344202;-0.7343454910156382;8.961744255431107;-3.895970023630042;0.1694454538121608;0.7847533726532756;-4.227129176870516;2.3805618018511296
TRAIN__TRACK:5;-1;-1;-4.378546395763891;-6.139147747571975;-5.9055386610980865;-5.315801403213836;-8.378488669851825;-5.2526560405926475;1.1259243024323737;7.208386876243672;-5.020588390357672;-5.329843742844609;-4.172315627264038;-7.950275949463577;3.090300789019704;9.805398573939417;5.637492932539253;9.321569327326934;4.620185168186213;5.944475289313257;6.210240804920161;-0.05553014944566392;7.963886168878606;5.630365535199044
TRAIN__TRACK:6;-1;-1;-8.286002164681763;2.67411381620394;-8.569492222544783;3.2965613015306587;-7.422351656198081;-4.650785643710702;0.26788043762650027;6.371341287741949;3.2235135808978477;-6.986870446679482;8.513925327536423;-4.996831010989904;0.19102362505584836;-3.5273421865054067;-1.517516174266678;4.623613035650781;6.927793885529901;-0.8768818948851766;-5.754317271373013;-9.957039644858082;9.9524275701561;8.655361008155971
TRAIN__TRACK:7;-1;-1;-4.370736675402915;8.009789125803046;0.17498313124516152;7.396087129922812;-5.0411271569185345;-6.235467953130032;-0.9428805334959378;-3.6559588222185146;4.995859880116036;-3.532134214161344;2.04975298650378;6.805728873553395;3.8442275917521798;7.149937352639245;4.868423102282872;-6.414448370637751;-8.916442940545553;0.9738648532534775;-8.597123922340487;5.69241472430717;8.454858656611975;1.5014214865821955
TRAIN__TRACK:8;-1;-1;3.643712562886801;1.6497016416969146;7.545732745933094;-8.623034103043722;2.9831498639238383;1.277033453007082;5.405735615165426;-2.7610458403674354;-6.999349565220947;-1.9247667607115115;0.5819831758265792;9.322474389471434;-7.961424014821623;7.543702054693313;5.020030431698633;-1.001931815823676;8.356397640343797;-0.1353048429742838;0.09606188634207768;-8.487952169700597;-2.082754099520983;-0.4146839553087016
TRAIN__TRACK:9;-1;-1;1.1194531192331763;-1.0145304044962558;9.826376354357922;9.309407991230117;-7.244368726864083;-0.19619376672167554;-1.5352854687087856;-7.909574384615836;2.846836525050577;6.070644822489733;-8.6994264173218;-8.751357322400162;7.919435569362115;3.02284470738185;7.668542913085869;-3.584505388463157;-5.485885164985021;5.169381372904603;9.994911329765301;-6.6685137922056;0.7182219170275381;2.263087312091894
TRAIN__EVAL_INSTANCE:0:0:0
TRAIN__EVAL_INSTANCE:0:1:1
TRAIN__EVAL_INSTANCE:0:2:2
TRAIN__EVAL_INSTANCE:0:3:3
TRAIN__EVAL_INSTANCE:0:4:4
TRAIN__EVAL_INSTANCE:0:5:5
TRAIN__EVAL_INSTANCE:0:6:6
TRAIN__EVAL_INSTANCE:0:7:7
TRAIN__EVAL_INSTANCE:0:8:8
TRAIN__EVAL_INSTANCE:0:9:9
TRAIN__RUN_RESULT:0:0:0:11339:60.12214183807373:----
TRAIN__RUN_RESULT:0:1:0:10276:44.91284513473511:UUUDDDRDDRRUDLLUULUUULLDDRRDRRDRUDRUDDLLULULULLDRRURDDLRRDLLULLLRRDLUUU
TRAIN__RUN_RESULT:0:2:0:15526:60.08081817626953:----
TRAIN__RUN_RESULT:0:3:0:9871:60.17430305480957:----
TRAIN__RUN_RESULT:0:4:0:10516:60.155112504959106:----
TRAIN__RUN_RESULT:0:5:0:6343:34.10421538352966:RDDRDRUULLULUULLDDRLDRRLURURDDLULLURRDRRDRULULULDDLDRURUURURDDDDUUULLDDLDRRU
TRAIN__RUN_RESULT:0:6:0:12589:60.13833546638489:----
TRAIN__RUN_RESULT:0:7:0:13451:60.115912675857544:----
TRAIN__RUN_RESULT:0:8:0:10365:60.169331073760986:----
TRAIN__RUN_RESULT:0:9:0:13135:60.084383726119995:----
=================================================
n_gen  |  n_eval  |     f_avg     |     f_min    
=================================================
     1 |       10 | -1.599426E+01 | -8.589578E+01
TRAIN__TRACK:10;1;2;-7.542706468903069;3.714256198935061;3.6215428662057807;-4.721684466893962;2.0035156974454047;-9.447044433689713;0.7971239219361479;3.426243052712505;7.541316381586597;1.738215463691894;-5.012672147369856;-8.759141146079582;-7.199644831724519;-9.355094440370625;-2.606834539251645;-6.222280722831481;0.7482327757729497;7.908621072881786;-9.68478935079722;-3.8632614405370784;-3.1495843140243123;-4.146279261011987
TRAIN__TRACK:11;1;2;7.896882902864667;1.699933546958663;-3.004793038768792;-5.293425546521898;5.4626871845808855;-0.3888881412727043;-1.5214427902543743;-6.595244707665684;8.11609298433418;-6.432462576655727;5.9075542502011515;-3.966718222505971;-6.949487789450073;-6.99978011128375;-5.269057600853493;2.4856542461509434;-4.617981908266127;-7.992507252628815;9.351327530616128;5.117056267268211;-2.0164899809084105;5.710364128510578
TRAIN__TRACK:12;9;5;-4.018857332673371;-5.918695310321102;-6.024495717556831;9.309407991230117;-7.244368726864083;-0.3018053629101405;-1.5466102419095227;-7.909574384615836;2.803900154013506;-5.877407998685868;-8.6994264173218;-8.751357322400162;7.919435569362115;3.02284470738185;5.600729527120755;-3.584505388463157;-5.485885164985021;5.169381372904603;9.994911329765301;0.25432603077888594;0.9982209823921839;2.263087312091894
TRAIN__TRACK:13;9;5;0.7597640575030833;-1.2349828116496684;9.708954558781723;-5.315801403213836;-8.378488669851825;-5.147044440982263;1.137249075633111;7.208386876243672;-4.977651775078252;6.617972544251455;-4.172315627264038;-7.950275949463577;3.090300789019704;9.805398573939417;7.705306318074626;9.321569327326934;4.620185168186213;5.944475289313257;6.210240804920161;-6.978357985001587;7.683803917898468;5.630365535199044
TRAIN__TRACK:14;6;8;-8.286002164681763;1.6414817113442863;-8.569492222544783;-8.687249053112364;-7.241084186569905;-4.650785643710702;5.478802682079136;6.371341287741949;3.2235135808978477;-6.986870446679482;8.513925327536423;-4.996831010989904;0.19102362505584836;7.534366404690065;-1.517516174266678;4.623613035650781;8.357405841497819;-0.9256675350270638;0.22773551812073656;-9.920330264244319;9.9524275701561;8.655361008155971
TRAIN__TRACK:15;6;8;3.643712562886801;2.6823337465565684;7.545732745933094;3.370371520250381;2.8021331483470067;1.277033453007082;0.194813357530633;-2.7610458403674354;-6.999349565220947;-1.9247667607115115;0.5819831758265792;9.322474389471434;-7.961424014821623;-3.518490889928309;5.020030431698633;-1.001931815823676;6.926785684258276;-0.08651920283239672;-5.885990732122499;-8.51478485093451;-2.082754099520983;-0.4146839553087016
TRAIN__TRACK:16;1;5;-4.332791393158119;3.714256198935061;3.6215428662057807;-5.313981644368401;1.9004762623730471;-9.541092303301955;0.8029568236815746;3.1547715592249244;7.770933068419677;1.738215463691894;-5.3408032860280175;-8.759141146079582;-7.199644831724519;-7.11486690193717;-2.606834539251645;-6.5609238102970036;0.7482327757729497;6.7331062040757;-8.948731739766938;-3.8632614405370784;-1.882766515587905;5.046140058534852
TRAIN__TRACK:17;1;5;-9.003110441092044;-6.139147747571975;-5.9055386610980865;-5.290901915319291;-8.378488669851825;-5.2526560405926475;1.1200914006869471;7.208386876243672;-5.252804722347989;-5.329843742844609;-4.232736685197824;-7.950275949463577;3.090300789019704;9.64106979406463;5.637492932539253;9.496685445216647;4.620185168186213;-9.180352078228164;6.210240804920161;-0.05553014944566392;7.783951748575871;-3.5100024115679123
TRAIN__TRACK:18;2;6;9.355846391895689;2.660588460256069;-3.004793038768792;-4.726027856942004;5.565726619807814;-4.7546653605293905;-1.5214427902543743;-6.089001305596047;8.11609298433418;-6.432462576655727;6.296157115791182;-3.966718222505971;-0.02400288233280934;-9.30345980461931;-5.269057600853493;2.424900280841439;-4.617981908266127;8.90101907819632;-6.287887860768015;4.477566127448856;-3.104020408235084;8.59286928551178
TRAIN__TRACK:19;2;6;-8.286002164681763;1.7134589029065344;-8.569492222544783;3.2965613015306587;-7.422351656198081;-0.22376377643148926;0.26788043762650027;6.13649753277739;3.2235135808978477;-6.986870446679482;8.513925327536423;-4.996831010989904;-6.734455921292048;-3.5273421865054067;-1.517516174266678;4.684367000960241;6.927793885529901;-1.384894372715853;8.863898304418049;-9.059686033658085;9.9524275701561;5.720805889448048
TRAIN__TRACK:20;10;-1;-7.542706468903069;3.714256198935061;3.6215428662057807;-4.721684466893962;1.874379610422566;-9.447044433689713;0.7971239219361479;3.426243052712505;7.541316381586597;2.1444428878436668;-5.20637201590792;-8.759141146079582;-7.199644831724519;-9.355094440370625;-2.606834539251645;-6.222280722831481;0.7482327757729497;7.908621072881786;-9.68478935079722;-3.8632614405370784;-3.1495843140243123;-4.146279261011987
TRAIN__TRACK:21;12;-1;-4.018857332673371;-5.918695310321102;-6.024495717556831;9.309407991230117;-7.244368726864083;-0.9183947335352318;-1.5466102419095227;-7.909574384615836;2.803900154013506;-5.877407998685868;-8.6994264173218;-8.751357322400162;7.919435569362115;3.02284470738185;5.600729527120755;-3.584505388463157;-5.485885164985021;5.169381372904603;9.998459780566431;0.25432603077888594;0.9982209823921839;2.263087312091894
TRAIN__TRACK:22;14;-1;-8.286002164681763;1.6414817113442863;-8.569492222544783;-8.687249053112364;-6.65387386395972;-4.650785643710702;5.478802682079136;6.371341287741949;3.2235135808978477;-6.986870446679482;8.513925327536423;-4.996831010989904;0.19102362505584836;7.534366404690065;-1.517516174266678;4.623613035650781;8.357405841497819;-0.9256675350270638;0.22773551812073656;-9.920330264244319;9.9524275701561;8.655361008155971
TRAIN__TRACK:23;1;-1;-8.957669814941305;3.714256198935061;3.6215428662057807;-5.289082156473857;1.9004762623730471;-9.541092303301955;0.7971239219361479;3.1547715592249244;7.541316381586597;1.738215463691894;-5.401224343961804;-8.759141146079582;-7.199644831724519;-7.051466150329587;-2.606834539251645;-6.222280722831481;0.7482327757729497;-8.492641378035355;-8.948731739766938;-3.8632614405370784;-2.0620538866976386;-4.094223600712043
TRAIN__TRACK:24;18;-1;9.355846391895689;2.660588460256069;-3.004793038768792;-4.726027856942004;5.565726619807814;-4.7546653605293905;-1.5214427902543743;-6.089001305596047;8.11609298433418;-6.432462576655727;7.4090764147706665;-3.966718222505971;-0.02400288233280934;-9.30345980461931;-5.269057600853493;2.424900280841439;-4.617981908266127;8.90101907819632;-6.287887860768015;4.477566127448856;-3.104020408235084;8.59286928551178
TRAIN__TRACK:25;11;-1;7.896882902864667;1.932185524085246;-3.004793038768792;-5.293425546521898;5.4626871845808855;-0.3888881412727043;-1.009759232790541;-6.595244707665684;8.11609298433418;-6.432462576655727;5.9075542502011515;-3.966718222505971;-6.949487789450073;-6.99978011128375;-5.269057600853493;2.4856542461509434;-4.617981908266127;-7.992507252628815;9.351327530616128;5.117056267268211;-2.0164899809084105;5.710364128510578
TRAIN__TRACK:26;13;-1;0.7597640575030833;-1.2349828116496684;9.708954558781723;-5.315801403213836;-8.378488669851825;-5.147044440982263;1.137249075633111;7.208386876243672;-4.977651775078252;6.617972544251455;-4.078332649805545;-7.7468507824815935;3.090300789019704;9.805398573939417;7.705306318074626;9.321569327326934;4.620185168186213;5.944475289313257;6.210240804920161;-6.978357985001587;7.683803917898468;5.630365535199044
TRAIN__TRACK:27;15;-1;3.643712562886801;2.6823337465565684;7.545732745933094;3.370371520250381;2.8021331483470067;2.852373933679449;0.194813357530633;-2.7610458403674354;-6.999349565220947;-1.9247667607115115;0.5819831758265792;9.322474389471434;-7.961424014821623;-3.518490889928309;5.020030431698633;-1.001931815823676;6.926785684258276;-0.08651920283239672;-5.885990732122499;-8.51478485093451;-2.082754099520983;-0.4146839553087016
TRAIN__TRACK:28;5;-1;-4.378546395763891;-6.139147747571975;-5.9055386610980865;-5.315801403213836;-8.378488669851825;-5.2526560405926475;1.1259243024323737;7.208386876243672;-5.020588390357672;-5.329843742844609;-4.172315627264038;-7.950275949463577;3.090300789019704;9.805398573939417;5.637492932539253;9.321569327326934;4.620185168186213;5.944475289313257;6.210240804920161;-0.05553014944566392;7.963886168878606;5.630365535199044
TRAIN__TRACK:29;19;-1;-8.286002164681763;1.7134589029065344;-8.569492222544783;3.2965613015306587;-7.422351656198081;-0.22376377643148926;0.26788043762650027;6.13649753277739;3.1133653569749264;-6.986870446679482;8.513925327536423;-4.996831010989904;-6.734455921292048;-3.5273421865054067;-1.517516174266678;4.684367000960241;6.927793885529901;-1.384894372715853;8.863898304418049;-9.059686033658085;9.9524275701561;5.720805889448048
TRAIN__TRACK:30;9;4;1.1194531192331763;-7.883583369891154;8.390286502262644;-7.467702911436268;-7.244368726864083;-0.23419456307022934;-1.5352854687087856;-7.909574384615836;2.9365354356308053;6.070644822489733;-2.0462127296895507;0.36950898061942894;7.919435569362115;2.903305523990029;-8.056755057788585;-0.7154214470345539;-5.485885164985021;-3.6461405396262787;9.994911329765301;-6.6685137922056;0.7182219170275381;2.263087312091894
TRAIN__TRACK:31;9;4;2.065913539757023;-1.6802585778079897;-1.2931656627192538;8.229397160260639;-0.32960965675211185;-2.8117174696397713;-0.652839468050324;-2.9977127048805414;-8.361985725551875;0.7768723441592407;-8.579921761675596;-9.0733211731676;-6.176118326670603;9.867836958478389;8.18393894121235;-3.6034294324441474;8.961744255431107;4.919550829846614;0.1694454538121608;0.7847533726532756;-4.227129176870516;2.3805618018511296
TRAIN__TRACK:32;30;-1;1.1194531192331763;-7.883583369891154;8.895038919514898;-7.467702911436268;-7.244368726864083;-0.23419456307022934;-1.5352854687087856;-7.909574384615836;2.9365354356308053;6.070644822489733;-2.0462127296895507;0.36950898061942894;7.919435569362115;2.903305523990029;-8.056755057788585;-1.0911083250188232;-5.485885164985021;-3.6461405396262787;9.994911329765301;-6.6685137922056;0.7182219170275381;2.263087312091894
TRAIN__TRACK:33;31;-1;2.065913539757023;-1.6802585778079897;-1.2931656627192538;8.229397160260639;-0.32960965675211185;-2.8117174696397713;-2.8420171004731247;-2.9977127048805414;-8.361985725551875;0.7768723441592407;-8.579921761675596;-9.0733211731676;-6.176118326670603;9.867836958478389;8.18393894121235;-3.6034294324441474;8.961744255431107;4.869885853027617;0.1694454538121608;0.7847533726532756;-4.227129176870516;2.3805618018511296
TRAIN__EVAL_INSTANCE:1:0:20
TRAIN__EVAL_INSTANCE:1:1:21
TRAIN__EVAL_INSTANCE:1:2:22
TRAIN__EVAL_INSTANCE:1:3:24
TRAIN__EVAL_INSTANCE:1:4:25
TRAIN__EVAL_INSTANCE:1:5:26
TRAIN__EVAL_INSTANCE:1:6:27
TRAIN__EVAL_INSTANCE:1:7:29
TRAIN__EVAL_INSTANCE:1:8:32
TRAIN__EVAL_INSTANCE:1:9:33
TRAIN__RUN_RESULT:1:0:0:9649:52.55219841003418:UUUDDDRDDRRUDLLUULUUULLDDRRDRRDRUDRUDDLLULULULLDRRURDDLRRDLLULLLRRDLUUU
TRAIN__RUN_RESULT:1:1:0:13483:60.07565426826477:----
TRAIN__RUN_RESULT:1:2:0:10408:60.212610483169556:----
TRAIN__RUN_RESULT:1:3:0:12755:60.111093282699585:----
TRAIN__RUN_RESULT:1:4:0:12610:60.103156328201294:----
TRAIN__RUN_RESULT:1:5:0:6214:36.01747441291809:RDDRDRUULLULUULLDDRLDRRLURURDDLULLURRDRRDRULULULDDLDRURUURURDDDDUUULLDDLDRRU
TRAIN__RUN_RESULT:1:6:0:11035:60.23555040359497:----
TRAIN__RUN_RESULT:1:7:0:14262:60.14670705795288:----
TRAIN__RUN_RESULT:1:8:0:13777:60.07093119621277:----
TRAIN__RUN_RESULT:1:9:0:10588:60.17496657371521:----
     2 |       20 | -3.118872E+01 | -8.589578E+01
TRAINING ON LEVEL:1
of 2 levels
---LEVEL STRING---
________
_......_
_......_
_.Sb.s._
_.1..s._
_.4b..1_
_B12..3_
_......_
________
---LEVEL STRING---
training done.
The time of execution is: 126.09440779685974 s

TRAINING DONE


-----!!!NEW PROBLEM!!!-----


---TEST BEST INDUVIDUAL ON ALL LEVELS---

RESULT_ON_ALL_LEVELS__LEVEL:0:______\n_K.2._\n_kSF._\n_bB1._\n_..fR_\n_1..._\n_3.r._\n_251O_\n_s.31_\n_o..2_\n______
RESULT_ON_ALL_LEVELS__LEVEL:1:________\n_......_\n_......_\n_.Sb.s._\n_.1..s._\n_.4b..1_\n_B12..3_\n_......_\n________
RESULT_ON_ALL_LEVELS__BATCH:-1:0:0
RESULT_ON_ALL_LEVELS__BATCH:-1:1:1
RESULT_ON_ALL_LEVELS__EVAL_INSTANCE:0:0:_
RESULT_ON_ALL_LEVELS__RUN_RESULT:0:0:0:2736:8.966655254364014:URUURUULUDLDRDRRULDLURULDLUURRDDDLDDDRUULUURLDR
RESULT_ON_ALL_LEVELS__RUN_RESULT:0:0:1:6343:15.277972221374512:RDDRDRUULLULUULLDDRLDRRLURURDDLULLURRDRRDRULULULDDLDRURUURURDDDDUUULLDDLDRRU
RESULT_ON_ALL_LEVELS__performance: {-1: 107.87768626213074, 0: nan}
RESULT_ON_ALL_LEVELS__level_count:2, solved_level_count:2, total_node_expansions:9079, total_calculation_time:24.244627475738525
RESULT_ON_ALL_LEVELS__solving ration:1.0, avg node expansions:4539.5, avg time per level:12.122313737869263
script: Keke_PY/tree_vs_linear__time_based__single_levels/experiment/single_level_optimization.py,
algorithm: <pymoo.algorithms.soo.nonconvex.ga.GA object at 0x7a7453946700>,
use_trees: False,
representation: (<Keke_PY.heuristic_pymoo_representations.TrackedRepresentation.TrackedRepresentation object at 0x7a7453914ee0> of <Keke_PY.heuristic_pymoo_representations.WeightedHeuristicSumRepresentation.WeightedHeuristicSumRepresentation object at 0x7a746389fbe0>),
job_arr_index: 1,
level: ________
_......_
_......_
_.Sb.s._
_.1..s._
_.4b..1_
_B12..3_
_......_
________,
pop_size: 10,
n_gen: 2
