pygame 2.2.0 (SDL 2.30.7, Python 3.8.10)
Hello from the pygame community. https://www.pygame.org/contribute.html
script: Keke_PY/tree_vs_linear__time_based__single_levels/experiment/single_level_optimization.py,
algorithm: <pymoo.algorithms.soo.nonconvex.ga.GA object at 0x7bf53bcdf7c0>,
use_trees: False,
representation: (<Keke_PY.heuristic_pymoo_representations.TrackedRepresentation.TrackedRepresentation object at 0x7bf53bcadfa0> of <Keke_PY.heuristic_pymoo_representations.WeightedHeuristicSumRepresentation.WeightedHeuristicSumRepresentation object at 0x7bf54bbf8be0>),
job_arr_index: 0,
level: ______
_K.2._
_kSF._
_bB1._
_..fR_
_1..._
_3.r._
_251O_
_s.31_
_o..2_
______,
pop_size: 10,
n_gen: 2
BASELINE__LEVEL:0:______\n_K.2._\n_kSF._\n_bB1._\n_..fR_\n_1..._\n_3.r._\n_251O_\n_s.31_\n_o..2_\n______
BASELINE__LEVEL:1:________\n_......_\n_......_\n_.Sb.s._\n_.1..s._\n_.4b..1_\n_B12..3_\n_......_\n________
BASELINE__BATCH:-1:0:0
BASELINE__BATCH:-1:1:1
BASELINE__EVAL_INSTANCE:0:0:_
BASELINE__RUN_RESULT:0:0:0:20772:60.189093828201294:----
BASELINE__RUN_RESULT:0:0:1:5913:12.412611722946167:UUULLDRRRRRD
BASELINE__performance: {-1: 53.69914722442627, 0: nan}
BASELINE__level_count:2, solved_level_count:1, total_node_expansions:26685, total_calculation_time:72.60170555114746
BASELINE__solving ration:0.5, avg node expansions:13342.5, avg time per level:36.30085277557373
Start measuring time.
TRAINING ON LEVEL:0
of 2 levels
---LEVEL STRING---
______
_K.2._
_kSF._
_bB1._
_..fR_
_1..._
_3.r._
_251O_
_s.31_
_o..2_
______
---LEVEL STRING---
TRAIN__LEVEL:0:______\n_K.2._\n_kSF._\n_bB1._\n_..fR_\n_1..._\n_3.r._\n_251O_\n_s.31_\n_o..2_\n______
TRAIN__BATCH:0:0:0
TRAIN__TRACK:0;-1;-1;-1.1526709589575823;3.8884189483413465;3.825000894541393;1.031135463165981;-7.89783814722838;5.313897744700654;-9.71116236287627;-4.693019622465677;9.760272721204078;1.5900172545433566;-2.312762763355387;-8.857747530092198;3.7277630270618687;8.0064388815222;-2.3989347398585252;-7.992051268669702;-9.013944430983848;-4.0108484520525955;1.1627560299270954;-3.8900357220507864;-5.555186161729832;-8.88896909678079
TRAIN__TRACK:1;-1;-1;-6.025214804609558;-7.6998813124662036;-5.940740791564821;1.1954331212877491;2.2241206639023936;-5.550140029556829;6.39623719494033;7.3489478159174055;3.5300920248508927;-5.181426303103212;-7.368346847683636;-9.191759735615559;-6.315920376867421;-9.096134775568377;5.868946496643389;6.392261478247217;-4.927628291240498;7.606132149173945;-2.2504714378894786;-5.404043701919687;-7.083492863190466;8.432078507776822
TRAIN__TRACK:2;-1;-1;-6.095720966077771;-9.57885297775126;2.6856361904835175;6.3864293553394305;-4.95036175066538;8.079576413405707;-0.5379915447485235;0.6532519321012522;0.9856388051479072;-2.6244580025769952;-5.172580033063929;-6.728530755553259;3.3216262376909214;-1.3612606585318652;5.698996481179252;-5.308114626325167;-7.137728735295267;-7.280527477309182;2.8902904212614935;-1.7116586821322386;6.772697364889247;-9.601586797987277
TRAIN__TRACK:3;-1;-1;5.325685344452992;3.9399643414818737;7.488782894441613;-6.80769484979133;1.2842176700864254;-7.676325931372614;6.303564297779719;-9.265934030953062;-4.387846212530482;-8.554814327348844;5.3131700202636125;-6.170356138576967;-6.742401046484545;4.400441914738275;-1.2516600799047453;3.9826370663899233;8.412369992964031;-8.02595546463128;2.3014124277135366;2.260082830201471;3.463287437728333;-1.1410096568329635
TRAIN__TRACK:4;-1;-1;-4.955879613849157;-4.902443705855601;-7.485976615298046;-4.864776551129046;3.8691174108358535;-2.7393331735925326;-0.99656705653973;0.8947029111042184;8.94755436874242;1.1545435166973697;0.6111540768660397;5.411680224703453;-8.714368573893355;4.5446779990924195;9.418089017850583;5.324066341380771;-1.681130150823602;-5.8390226550747855;6.331188855199443;-1.3353766859811316;-8.045506421031877;-6.10517636201007
TRAIN__TRACK:5;-1;-1;-7.6861999514506625;9.251975947134895;-8.830750153616139;4.4264765993737765;-0.38950912348048483;4.71719986372346;6.333087158167299;-9.147579351635793;-2.2354538450688892;-8.089006002427652;1.6790673415897057;5.254050626801343;-4.631182050149878;-1.1262503462907496;6.7488624365005805;-0.9395545806328602;2.0249286288653767;-1.0442235980143355;5.297057712882996;-3.69188264872861;5.612352089627484;-8.377476272608318
TRAIN__TRACK:6;-1;-1;-2.7016812080796555;0.6963182009576645;9.51127339300546;0.7926228331874423;-1.3179110821196005;-2.9965577437235957;1.7691261330506372;8.528301056070646;4.087421688727126;6.7728318074322615;7.163585834323744;-9.625766539613975;-7.751971203416841;-0.941309909389167;-1.1057345631991709;-3.998619550753566;2.623257370973228;9.900068440582025;9.826358288274445;-7.433532033155745;3.2900578992000202;-0.5881111883003936
TRAIN__TRACK:7;-1;-1;7.349515927767406;-0.26950844054483447;1.4858128262835955;-3.9842175948510388;3.7441128691256704;0.6473383931989716;-8.245448688667338;-8.744820212307076;-1.882953434376354;-2.622556566256442;7.312534474552109;-8.729668737512881;4.471731025672852;1.6720301620871343;-9.923182908991205;-0.3867572251903262;-5.067308994625321;-7.935044462836956;-8.871803543870339;-8.020412818055789;4.989093277251298;9.873655040468904
TRAIN__TRACK:8;-1;-1;-5.6477235937042;-6.499610307208701;9.837095769341197;6.927104839558758;5.446704409078794;1.7635210493253837;9.107963147234436;-2.846846074176648;3.090292385270315;2.692348923367911;0.08886225716827667;8.628981761433888;-7.002354296061897;-5.522709027637866;4.13634626019955;-2.7310082114458805;-5.164848944944138;3.2499504671597883;-2.3587892210862442;-3.7032910097848397;6.022442631867346;-8.653155264940967
TRAIN__TRACK:9;-1;-1;-7.076492980000015;-8.49340577407349;9.904523563665585;-0.5135617530661918;7.3448873343928085;9.026725972695221;7.014251784052377;-0.14798126755923846;-8.665584107424593;4.722108097021229;2.693432043958337;6.106298452462056;-8.643790605171082;-0.14001204293855984;-5.64607244536782;-2.0829529930849944;-5.0324875585676265;9.446766883339038;1.744971981310652;-9.958991693257154;0.6507573475789652;0.27695775214932183
TRAIN__EVAL_INSTANCE:0:0:0
TRAIN__EVAL_INSTANCE:0:1:1
TRAIN__EVAL_INSTANCE:0:2:2
TRAIN__EVAL_INSTANCE:0:3:3
TRAIN__EVAL_INSTANCE:0:4:4
TRAIN__EVAL_INSTANCE:0:5:5
TRAIN__EVAL_INSTANCE:0:6:6
TRAIN__EVAL_INSTANCE:0:7:7
TRAIN__EVAL_INSTANCE:0:8:8
TRAIN__EVAL_INSTANCE:0:9:9
TRAIN__RUN_RESULT:0:0:0:543:3.956984758377075:UUUUDDDDRRUUUDLRURUUDDLLLDDRUUURLURDD
TRAIN__RUN_RESULT:0:1:0:8939:60.019816160202026:----
TRAIN__RUN_RESULT:0:2:0:13787:60.142050981521606:----
TRAIN__RUN_RESULT:0:3:0:8496:60.06349015235901:----
TRAIN__RUN_RESULT:0:4:0:15126:60.14297652244568:----
TRAIN__RUN_RESULT:0:5:0:8011:59.20381832122803:URUURUULDDRDULDDUUUULUURDDLDRDRRULDLURULULDU
TRAIN__RUN_RESULT:0:6:0:1428:11.29812240600586:URUURUULUDLDRDRRULDLURULDLUURRDDDLDDDRUULUURLDR
TRAIN__RUN_RESULT:0:7:0:8537:60.03251934051514:----
TRAIN__RUN_RESULT:0:8:0:8310:60.067981243133545:----
TRAIN__RUN_RESULT:0:9:0:8568:60.091495752334595:----
=================================================
n_gen  |  n_eval  |     f_avg     |     f_min    
=================================================
     1 |       10 | -2.849807E+01 | -1.160430E+02
TRAIN__TRACK:10;0;6;-2.657845194497778;3.8884189483413465;3.9397613305915633;0.7927872691335157;-7.89783814722838;5.313897744700654;-9.599181292138915;-4.693019622465677;4.155190273908882;6.370703254557556;-2.6118825227948506;-9.680651885265167;-7.871690018827621;8.0064388815222;-1.1403065585599252;-7.992051268669702;-9.013944430983848;9.497944920648768;1.1627560299270954;-3.8900357220507864;3.3315356232496818;-8.88896909678079
TRAIN__TRACK:11;0;6;-1.19650697253946;0.6963182009576645;9.389647002817327;1.0309710272199077;-1.3179110821196005;-2.9965577437235957;1.7488850712675035;8.528301056070646;9.667221198146466;1.992145643489318;7.462331702771145;-8.802858085106381;3.8491369238392736;-0.941309909389167;-2.364362744497771;-3.998619550753566;2.623257370973228;-3.8198851096261857;9.826358288274445;-7.433532033155745;-5.596661252944898;-0.5881111883003936
TRAIN__TRACK:12;3;7;5.325685344452992;3.9399643414818737;7.488782894441613;-4.111462411672714;3.7595523047418338;0.287858245510622;6.303564297779719;-9.24097770805565;-4.387846212530482;-8.554814327348844;5.3131700202636125;-8.62980385135573;5.129034238406707;4.400441914738275;-9.533959333917137;-0.8041221305649113;8.01889497972672;-8.02595546463128;-8.947327247462807;2.256467625570851;3.4686441598799544;-1.1410096568329635
TRAIN__TRACK:13;3;7;7.349515927767406;-0.26950844054483447;1.4858128262835955;-6.6804500327245115;1.268778234470246;-7.316747510735558;-8.245448688667338;-8.769776535200865;-1.882953434376354;-2.622556566256442;7.312534474552109;-6.270220428328743;-7.398357022904482;1.6720301620871343;-1.522208385420826;4.400001970109614;-4.680587858055154;-7.935044462836956;2.391414721509853;-8.015922071850476;4.983736555099676;9.873655040468904
TRAIN__TRACK:14;5;7;-7.6861999514506625;9.251975947134895;-8.830750153616139;4.4264765993737765;-0.38950912348048483;0.7530178548706434;-8.902661290345701;-9.147579351635793;-2.226017074036709;-8.089006002427652;7.543305855634076;-8.846546714875075;4.0436534833280415;1.6496724858735048;-9.236151879731223;-0.9395545806328602;2.0249286288653767;-1.0442235980143355;5.297057712882996;-4.023721752327577;4.9577967242235745;-8.377476272608318
TRAIN__TRACK:15;5;7;7.349515927767406;-0.26950844054483447;1.4858128262835955;-3.9842175948510388;3.7441128691256704;4.611520401974707;7.046671285378611;-8.744820212307076;-1.8923902054085342;-2.622556566256442;1.448283213196047;5.397233445744528;-4.203104395947607;-1.103892670077121;6.335579809629896;-0.3867572251903262;-5.067308994625321;-7.935044462836956;-8.871803543870339;-7.688571959046647;5.643648642655207;9.873655040468904
TRAIN__TRACK:16;6;5;-7.595515801316557;0.6963182009576645;8.61213797340022;0.9196976194991726;-0.36082736978242164;-2.9965577437235957;1.7691261330506372;8.812522175689484;4.087421688727126;6.624418143557297;7.163585834323744;-9.625766539613975;-7.637146969483914;-0.9363162282039105;-1.1057345631991709;-0.9201434716264323;2.6156348806543317;-1.1634679505445682;9.826358288274445;-3.5097141267696674;3.2900578992000202;-1.0284797382343256
TRAIN__TRACK:17;6;5;-2.792363306035916;9.251975947134895;-8.019764989585589;4.299401813052643;-1.3465928358176638;4.71719986372346;6.333087158167299;-9.340551150564675;-2.2354538450688892;-7.935420628132008;1.6790673415897057;5.254050626801343;-4.7460062555912135;-1.131244027476006;6.7488624365005805;-4.018030659759407;2.032551119184273;9.827734107257054;5.297057712882996;-7.615700053381121;5.612352089627484;-7.936696909310518
TRAIN__TRACK:18;1;0;-5.992386172281055;-7.6998813124662036;-5.940740791564821;1.0228311693821948;-7.485213526321102;-6.5949173061294655;5.589245294253422;6.948928299863208;3.5300920248508927;-5.181426303103212;-7.368346847683636;-9.191759735615559;2.679290111297611;-9.096134775568377;5.868946496643389;6.392261478247217;-9.227466819551509;7.606132149173945;-2.2056024459931063;-5.404043701919687;-5.567469726530424;8.432078507776822
TRAIN__TRACK:19;1;0;-1.1854995770818073;3.8884189483413465;3.825000894541393;1.2037374150715354;1.8120566428249254;6.358818389911123;-8.754700050794774;-4.293505532570752;9.760272721204078;1.5900172545433566;-2.312762763355387;-8.857747530092198;-5.267429095911339;8.0064388815222;-2.3989347398585252;-7.992051268669702;-4.7129599230987935;-4.0108484520525955;1.1178870380307775;-3.8900357220507864;-7.0712092983895944;-8.88896909678079
TRAIN__TRACK:20;10;-1;-2.657845194497778;3.7460090478383776;3.9397613305915633;0.7927872691335157;-7.89783814722838;5.313897744700654;-9.599181292138915;-4.571280257925707;4.155190273908882;6.370703254557556;-2.6118825227948506;-9.680651885265167;-7.871690018827621;8.0064388815222;-1.1403065585599252;-7.992051268669702;-9.013944430983848;9.497944920648768;1.1627560299270954;-3.8900357220507864;3.3315356232496818;-8.88896909678079
TRAIN__TRACK:21;12;-1;5.325685344452992;3.9399643414818737;7.488782894441613;-4.111462411672714;3.7595523047418338;0.287858245510622;6.303564297779719;-9.24097770805565;-4.387846212530482;-8.554814327348844;5.3131700202636125;-8.62980385135573;5.129034238406707;4.400441914738275;-9.533959333917137;-0.8041221305649113;8.01889497972672;-8.02595546463128;-8.947327247462807;2.256467625570851;3.4686441598799544;-1.1410096568329635
TRAIN__TRACK:22;14;-1;-7.6861999514506625;9.251975947134895;-8.830750153616139;4.4264765993737765;-0.38950912348048483;0.7530178548706434;-8.902661290345701;-9.147579351635793;-2.226017074036709;-8.089006002427652;7.543305855634076;-8.846546714875075;4.0436534833280415;1.6496724858735048;-9.236151879731223;-0.9395545806328602;2.0249286288653767;-1.0442235980143355;5.297057712882996;-4.023721752327577;4.9577967242235745;-8.377476272608318
TRAIN__TRACK:23;16;-1;-7.595515801316557;0.6963182009576645;8.61213797340022;0.9196976194991726;-0.36082736978242164;-2.9965577437235957;1.7691261330506372;8.812522175689484;4.087421688727126;6.624418143557297;7.163585834323744;-9.625766539613975;-7.637146969483914;-0.9363162282039105;-1.1057345631991709;-0.9201434716264323;2.6156348806543317;-1.1634679505445682;9.826358288274445;-3.5097141267696674;3.2900578992000202;-1.0284797382343256
TRAIN__TRACK:24;18;-1;-5.992386172281055;-7.6998813124662036;-6.389415862583473;1.0228311693821948;-7.485213526321102;-6.5949173061294655;5.589245294253422;6.948928299863208;3.5300920248508927;-5.181426303103212;-7.368346847683636;-9.191759735615559;2.679290111297611;-9.096134775568377;5.868946496643389;6.392261478247217;-9.504744028148373;7.606132149173945;-2.2056024459931063;-5.404043701919687;-5.567469726530424;8.432078507776822
TRAIN__TRACK:25;11;-1;-1.8815108510017735;0.6963182009576645;9.389647002817327;1.0309710272199077;-1.3179110821196005;-2.9965577437235957;1.7488850712675035;8.528301056070646;9.667221198146466;1.992145643489318;7.462331702771145;-8.802858085106381;3.8491369238392736;-0.941309909389167;-2.103343818514346;-3.8548597008570873;2.623257370973228;-3.8198851096261857;9.826358288274445;-7.433532033155745;-5.596661252944898;-0.5881111883003936
TRAIN__TRACK:26;13;-1;7.349515927767406;-0.26950844054483447;1.4858128262835955;-6.6804500327245115;1.268778234470246;-7.316747510735558;-8.245448688667338;-8.769776535200865;-1.882953434376354;-2.622556566256442;7.312534474552109;-6.270220428328743;-7.398357022904482;1.6720301620871343;-1.522208385420826;4.400001970109614;-4.680587858055154;-7.935044462836956;2.391414721509853;-8.015922071850476;4.983736555099676;9.873655040468904
TRAIN__TRACK:27;15;-1;7.349515927767406;-0.26950844054483447;1.4858128262835955;-3.9842175948510388;3.5881269355785057;4.611520401974707;7.046671285378611;-8.744820212307076;-1.8923902054085342;-2.622556566256442;1.448283213196047;3.890933751302056;-4.203104395947607;-1.103892670077121;6.335579809629896;-0.3867572251903262;-5.067308994625321;-7.935044462836956;-8.871803543870339;-7.688571959046647;5.392360924994487;9.873655040468904
TRAIN__TRACK:28;17;-1;-2.792363306035916;9.251975947134895;-8.019764989585589;4.299401813052643;-1.3465928358176638;4.71719986372346;6.333087158167299;-9.340551150564675;-2.2354538450688892;-7.935420628132008;-1.2981746888529093;5.254050626801343;-4.7460062555912135;-1.131244027476006;6.7488624365005805;-4.018030659759407;2.032551119184273;9.827734107257054;5.297057712882996;-7.615700053381121;5.612352089627484;-7.936696909310518
TRAIN__TRACK:29;19;-1;-1.1854995770818073;3.8884189483413465;3.825000894541393;-0.2837996995599743;2.039607526837365;6.358818389911123;-8.754700050794774;-4.293505532570752;9.760272721204078;1.5900172545433566;-2.312762763355387;-8.857747530092198;-5.267429095911339;8.0064388815222;-2.3989347398585252;-7.992051268669702;-4.7129599230987935;-4.0108484520525955;1.1178870380307775;-3.8900357220507864;-7.0712092983895944;-8.88896909678079
TRAIN__EVAL_INSTANCE:1:0:20
TRAIN__EVAL_INSTANCE:1:1:21
TRAIN__EVAL_INSTANCE:1:2:22
TRAIN__EVAL_INSTANCE:1:3:23
TRAIN__EVAL_INSTANCE:1:4:24
TRAIN__EVAL_INSTANCE:1:5:11
TRAIN__EVAL_INSTANCE:1:6:26
TRAIN__EVAL_INSTANCE:1:7:15
TRAIN__EVAL_INSTANCE:1:8:28
TRAIN__EVAL_INSTANCE:1:9:19
TRAIN__RUN_RESULT:1:0:0:13386:56.607359409332275:UUUUDRDLDDRRULRULLDRUUURDDURUUUDDDLDLDDRUUULURDRUUDLD
TRAIN__RUN_RESULT:1:1:0:13733:60.21164393424988:----
TRAIN__RUN_RESULT:1:2:0:454:3.3498828411102295:URUURUULDDRDULDDUUUULURDRDRUULLDDDDDLURUUUUULD
TRAIN__RUN_RESULT:1:3:0:1456:7.563597917556763:URUURUULUDLDRDRRULDLURULDLUURRDDDLDDDRUULUURLDR
TRAIN__RUN_RESULT:1:4:0:1552:11.484263181686401:UUUURUURLDDLDDDRUUULDDDDRRUULLUURRLDR
TRAIN__RUN_RESULT:1:5:0:2485:14.655330181121826:URUURURULDDLDDLUUURDRRULDLDDDRUUULLURURDD
TRAIN__RUN_RESULT:1:6:0:14214:60.08396863937378:----
TRAIN__RUN_RESULT:1:7:0:14498:60.10021734237671:----
TRAIN__RUN_RESULT:1:8:0:13312:60.484259843826294:----
TRAIN__RUN_RESULT:1:9:0:435:3.1543493270874023:UUUUDDDDRRUUUDLRURUUDDLLLDDRUUURLURDD
     2 |       20 | -9.087065E+01 | -1.168457E+02
TRAINING ON LEVEL:0
of 2 levels
---LEVEL STRING---
______
_K.2._
_kSF._
_bB1._
_..fR_
_1..._
_3.r._
_251O_
_s.31_
_o..2_
______
---LEVEL STRING---
training done.
The time of execution is: 126.32749462127686 s

TRAINING DONE


-----!!!NEW PROBLEM!!!-----


---TEST BEST INDUVIDUAL ON ALL LEVELS---

RESULT_ON_ALL_LEVELS__LEVEL:0:______\n_K.2._\n_kSF._\n_bB1._\n_..fR_\n_1..._\n_3.r._\n_251O_\n_s.31_\n_o..2_\n______
RESULT_ON_ALL_LEVELS__LEVEL:1:________\n_......_\n_......_\n_.Sb.s._\n_.1..s._\n_.4b..1_\n_B12..3_\n_......_\n________
RESULT_ON_ALL_LEVELS__BATCH:-1:0:0
RESULT_ON_ALL_LEVELS__BATCH:-1:1:1
RESULT_ON_ALL_LEVELS__EVAL_INSTANCE:0:0:_
RESULT_ON_ALL_LEVELS__RUN_RESULT:0:0:0:435:1.3035812377929688:UUUUDDDDRRUUUDLRURUUDDLLLDDRUUURLURDD
RESULT_ON_ALL_LEVELS__RUN_RESULT:0:0:1:24958:60.21894097328186:----
RESULT_ON_ALL_LEVELS__performance: {-1: 59.238738894462585, 0: nan}
RESULT_ON_ALL_LEVELS__level_count:2, solved_level_count:1, total_node_expansions:25393, total_calculation_time:61.52252221107483
RESULT_ON_ALL_LEVELS__solving ration:0.5, avg node expansions:12696.5, avg time per level:30.761261105537415
script: Keke_PY/tree_vs_linear__time_based__single_levels/experiment/single_level_optimization.py,
algorithm: <pymoo.algorithms.soo.nonconvex.ga.GA object at 0x7bf53bcdf7c0>,
use_trees: False,
representation: (<Keke_PY.heuristic_pymoo_representations.TrackedRepresentation.TrackedRepresentation object at 0x7bf53bcadfa0> of <Keke_PY.heuristic_pymoo_representations.WeightedHeuristicSumRepresentation.WeightedHeuristicSumRepresentation object at 0x7bf54bbf8be0>),
job_arr_index: 0,
level: ______
_K.2._
_kSF._
_bB1._
_..fR_
_1..._
_3.r._
_251O_
_s.31_
_o..2_
______,
pop_size: 10,
n_gen: 2
